
```r
rhythm <- 5+1+1
solo <- 2+1/4+1
vox <- 2+3+1+1
drums <- 6+2+1
bass <- 5+1+1

> rhythm <- 5+1+1
solo <- 2+1/4+1
vox <- 2+3+1+1
drums <- 6+2+1
bass <- 5+1+1
> rhythm + 24
[1] 31
> solo + 24
[1] 27.25
> vox + 24
[1] 31
> bass + 24
[1] 31
> drums + 24
[1] 33
>
```
